meanIOU: 0.541651824441
[0.84268053337538928, 0.61050958697226798, 0.21727028525135378, 0.7090387847451417, 0.32024299955615199, 0.50997414075655489, 0.74731058497045855, 0.65420256491467199, 0.76230299260569123, 0.2210356475241482, 0.62148966412632367, 0.28520124348487913, 0.7338525954641586, 0.59774863346565521, 0.56088615346208215, 0.67787416256687638, 0.34492861384606938, 0.66121565978188057, 0.33839394143473811, 0.49248932977816301, 0.46604019517139922]
[[  1.72223284e+08   1.04124600e+06   2.03084600e+06   5.35728000e+05
    2.08375000e+06   6.00849000e+05   8.28467000e+05   1.07503200e+06
    1.04727400e+06   1.09443900e+06   3.15820000e+05   1.55480000e+05
    6.37980000e+05   6.20483000e+05   9.69010000e+05   2.39112800e+06
    7.51352000e+05   4.31142000e+05   7.05270000e+05   2.85825000e+06
    1.38221300e+06]
 [  9.87590000e+04   1.82395600e+06   0.00000000e+00   0.00000000e+00
    1.08200000e+03   0.00000000e+00   0.00000000e+00   1.60000000e+01
    0.00000000e+00   0.00000000e+00   0.00000000e+00   0.00000000e+00
    0.00000000e+00   0.00000000e+00   0.00000000e+00   0.00000000e+00
    0.00000000e+00   0.00000000e+00   0.00000000e+00   0.00000000e+00
    0.00000000e+00]
 [  1.36605000e+05   0.00000000e+00   6.36955000e+05   0.00000000e+00
    0.00000000e+00   0.00000000e+00   6.00000000e+01   2.41200000e+03
    0.00000000e+00   0.00000000e+00   0.00000000e+00   0.00000000e+00
    0.00000000e+00   0.00000000e+00   1.49270000e+04   2.18780000e+04
    0.00000000e+00   0.00000000e+00   0.00000000e+00   0.00000000e+00
    0.00000000e+00]
 [  1.96264000e+05   0.00000000e+00   0.00000000e+00   1.93135500e+06
    1.23000000e+02   0.00000000e+00   5.80000000e+01   0.00000000e+00
    1.81600000e+03   0.00000000e+00   0.00000000e+00   0.00000000e+00
    9.07000000e+03   4.50000000e+01   0.00000000e+00   4.03500000e+03
    0.00000000e+00   9.11900000e+03   0.00000000e+00   0.00000000e+00
    0.00000000e+00]
 [  2.29081000e+05   2.31100000e+03   0.00000000e+00   0.00000000e+00
    1.10680400e+06   0.00000000e+00   0.00000000e+00   0.00000000e+00
    0.00000000e+00   2.01000000e+03   0.00000000e+00   0.00000000e+00
    0.00000000e+00   0.00000000e+00   0.00000000e+00   8.44700000e+03
    0.00000000e+00   0.00000000e+00   0.00000000e+00   0.00000000e+00
    0.00000000e+00]
 [  5.37956000e+05   3.37000000e+02   1.61900000e+03   3.90200000e+03
    0.00000000e+00   1.31165400e+06   6.35000000e+02   3.01800000e+03
    3.21000000e+02   0.00000000e+00   0.00000000e+00   2.62000000e+03
    0.00000000e+00   0.00000000e+00   6.79600000e+03   5.07020000e+04
    0.00000000e+00   1.40900000e+03   7.68000000e+02   0.00000000e+00
    4.00000000e+01]
 [  3.04930000e+05   6.24000000e+03   0.00000000e+00   0.00000000e+00
    0.00000000e+00   0.00000000e+00   3.91117400e+06   8.37390000e+04
    0.00000000e+00   0.00000000e+00   0.00000000e+00   0.00000000e+00
    0.00000000e+00   0.00000000e+00   0.00000000e+00   1.07350000e+04
    0.00000000e+00   0.00000000e+00   0.00000000e+00   3.93400000e+03
    0.00000000e+00]
 [  3.40344000e+05   6.99000000e+03   9.68800000e+03   0.00000000e+00
    6.34300000e+03   3.58600000e+03   6.60500000e+03   3.18506500e+06
    0.00000000e+00   0.00000000e+00   0.00000000e+00   0.00000000e+00
    1.31000000e+03   5.10000000e+01   2.70690000e+04   5.13800000e+03
    0.00000000e+00   0.00000000e+00   0.00000000e+00   1.26500000e+03
    0.00000000e+00]
 [  2.99821000e+05   0.00000000e+00   0.00000000e+00   2.27530000e+04
    0.00000000e+00   2.48000000e+02   0.00000000e+00   0.00000000e+00
    5.32136200e+06   0.00000000e+00   0.00000000e+00   1.36000000e+02
    3.43050000e+04   0.00000000e+00   0.00000000e+00   4.07890000e+04
    7.10000000e+01   0.00000000e+00   1.46600000e+03   0.00000000e+00
    0.00000000e+00]
 [  8.35521000e+05   0.00000000e+00   0.00000000e+00   0.00000000e+00
    1.87000000e+02   0.00000000e+00   0.00000000e+00   0.00000000e+00
    2.15650000e+04   7.66337000e+05   0.00000000e+00   2.38360000e+04
    1.00000000e+00   0.00000000e+00   4.90000000e+01   1.20819000e+05
    4.17700000e+03   0.00000000e+00   3.33441000e+05   0.00000000e+00
    8.26000000e+03]
 [  4.28984000e+05   0.00000000e+00   0.00000000e+00   0.00000000e+00
    0.00000000e+00   0.00000000e+00   0.00000000e+00   1.60460000e+04
    3.35820000e+04   0.00000000e+00   2.17133200e+06   0.00000000e+00
    8.05580000e+04   2.17348000e+05   4.20000000e+01   2.27900000e+03
    0.00000000e+00   1.66730000e+04   0.00000000e+00   0.00000000e+00
    0.00000000e+00]
 [  1.55648900e+06   0.00000000e+00   0.00000000e+00   0.00000000e+00
    0.00000000e+00   3.32180000e+04   0.00000000e+00   0.00000000e+00
    2.55800000e+03   1.67831000e+05   4.46500000e+03   8.73481000e+05
    0.00000000e+00   0.00000000e+00   0.00000000e+00   1.43208000e+05
    9.16700000e+03   0.00000000e+00   2.11370000e+04   0.00000000e+00
    5.31960000e+04]
 [  4.24603000e+05   0.00000000e+00   0.00000000e+00   1.14000000e+02
    0.00000000e+00   0.00000000e+00   0.00000000e+00   1.64000000e+02
    1.27699000e+05   2.15100000e+03   3.06260000e+04   0.00000000e+00
    4.37799800e+06   1.58440000e+04   4.57300000e+03   2.22420000e+04
    1.34800000e+03   2.27580000e+04   4.26900000e+03   0.00000000e+00
    0.00000000e+00]
 [  3.29677000e+05   0.00000000e+00   0.00000000e+00   0.00000000e+00
    1.94100000e+03   0.00000000e+00   0.00000000e+00   0.00000000e+00
    2.34400000e+03   0.00000000e+00   4.30620000e+04   0.00000000e+00
    4.08610000e+04   2.17692700e+06   0.00000000e+00   1.81790000e+04
    0.00000000e+00   2.89460000e+04   0.00000000e+00   0.00000000e+00
    0.00000000e+00]
 [  3.02118000e+05   0.00000000e+00   5.60800000e+03   0.00000000e+00
    0.00000000e+00   0.00000000e+00   0.00000000e+00   5.10270000e+04
    0.00000000e+00   1.12830000e+04   0.00000000e+00   0.00000000e+00
    0.00000000e+00   0.00000000e+00   2.19279900e+06   2.46050000e+04
    0.00000000e+00   0.00000000e+00   0.00000000e+00   0.00000000e+00
    0.00000000e+00]
 [  1.35334600e+06   6.65900000e+03   6.98800000e+04   9.99000000e+02
    1.37070000e+04   1.23230000e+04   2.49960000e+04   4.14350000e+04
    1.47100000e+04   7.98800000e+03   2.72370000e+04   1.58300000e+04
    7.96510000e+04   1.46002000e+05   2.95315000e+05   1.08210510e+07
    1.38300000e+03   1.03900000e+03   5.46530000e+04   1.02820000e+04
    1.13700000e+03]
 [  5.31299000e+05   0.00000000e+00   1.14700000e+03   7.35000000e+02
    0.00000000e+00   0.00000000e+00   0.00000000e+00   5.81000000e+02
    2.20000000e+01   8.48000000e+02   0.00000000e+00   2.60000000e+01
    0.00000000e+00   0.00000000e+00   0.00000000e+00   6.91400000e+03
    6.91199000e+05   0.00000000e+00   1.59300000e+03   0.00000000e+00
    1.98000000e+02]
 [  1.58247000e+05   0.00000000e+00   0.00000000e+00   7.79000000e+03
    0.00000000e+00   0.00000000e+00   0.00000000e+00   0.00000000e+00
    7.70000000e+01   0.00000000e+00   1.05700000e+05   0.00000000e+00
    4.14040000e+04   1.67000000e+02   3.31700000e+03   1.64000000e+02
    0.00000000e+00   1.61593900e+06   0.00000000e+00   0.00000000e+00
    0.00000000e+00]
 [  1.75388300e+06   0.00000000e+00   0.00000000e+00   0.00000000e+00
    0.00000000e+00   0.00000000e+00   0.00000000e+00   8.50000000e+01
    7.72000000e+03   6.17950000e+04   0.00000000e+00   5.00000000e+00
    6.24400000e+03   0.00000000e+00   0.00000000e+00   8.68810000e+04
    1.83000000e+03   0.00000000e+00   1.55765100e+06   0.00000000e+00
    3.14100000e+03]
 [  5.15105000e+05   0.00000000e+00   0.00000000e+00   0.00000000e+00
    3.52000000e+02   0.00000000e+00   5.20930000e+04   1.59800000e+03
    0.00000000e+00   0.00000000e+00   0.00000000e+00   0.00000000e+00
    0.00000000e+00   0.00000000e+00   9.88000000e+02   3.51900000e+03
    0.00000000e+00   0.00000000e+00   0.00000000e+00   3.34535000e+06
    0.00000000e+00]
 [  2.63459000e+05   0.00000000e+00   0.00000000e+00   0.00000000e+00
    0.00000000e+00   0.00000000e+00   0.00000000e+00   1.50000000e+01
    0.00000000e+00   4.49100000e+03   0.00000000e+00   0.00000000e+00
    0.00000000e+00   0.00000000e+00   0.00000000e+00   1.93000000e+03
    0.00000000e+00   0.00000000e+00   1.23800000e+03   0.00000000e+00
    1.50062100e+06]]
