meanIOU: 0.532253888615
[0.83569971112414387, 0.59509303597062646, 0.21699325459708105, 0.6495279552455745, 0.30682947346716738, 0.52674771578873136, 0.72371041396080804, 0.64696150598618429, 0.74381285361813154, 0.22351210497095247, 0.62808711124873362, 0.25217335463717866, 0.71975229675862251, 0.58585308661650748, 0.57720623764784096, 0.65981171265296568, 0.32860041119584016, 0.6213354195188735, 0.35456667758113836, 0.4926163775398823, 0.48844095079017363]
[[  1.71077313e+08   1.13970200e+06   2.00100900e+06   7.58259000e+05
    2.27457900e+06   5.58075000e+05   8.59959000e+05   1.11565600e+06
    1.09760800e+06   1.25863200e+06   3.76117000e+05   2.27727000e+05
    7.02329000e+05   6.59643000e+05   8.78502000e+05   2.67877500e+06
    9.49839000e+05   5.30343000e+05   6.14964000e+05   2.79916200e+06
    1.22085000e+06]
 [  7.88970000e+04   1.83729500e+06   0.00000000e+00   0.00000000e+00
    7.54300000e+03   0.00000000e+00   0.00000000e+00   7.00000000e+00
    0.00000000e+00   0.00000000e+00   0.00000000e+00   0.00000000e+00
    0.00000000e+00   0.00000000e+00   0.00000000e+00   7.10000000e+01
    0.00000000e+00   0.00000000e+00   0.00000000e+00   0.00000000e+00
    0.00000000e+00]
 [  1.43175000e+05   0.00000000e+00   6.25656000e+05   1.45000000e+02
    0.00000000e+00   0.00000000e+00   1.02000000e+02   1.85300000e+03
    2.00000000e+00   2.28800000e+03   0.00000000e+00   0.00000000e+00
    0.00000000e+00   0.00000000e+00   9.87500000e+03   2.97410000e+04
    0.00000000e+00   0.00000000e+00   0.00000000e+00   0.00000000e+00
    0.00000000e+00]
 [  1.80802000e+05   0.00000000e+00   0.00000000e+00   1.91620100e+06
    1.74000000e+02   0.00000000e+00   5.80000000e+01   0.00000000e+00
    2.60600000e+03   0.00000000e+00   0.00000000e+00   0.00000000e+00
    2.85560000e+04   2.50000000e+02   0.00000000e+00   7.78300000e+03
    8.70000000e+02   1.45850000e+04   0.00000000e+00   0.00000000e+00
    0.00000000e+00]
 [  2.10913000e+05   4.64200000e+03   0.00000000e+00   6.21000000e+02
    1.11903900e+06   0.00000000e+00   0.00000000e+00   1.77900000e+03
    0.00000000e+00   6.60300000e+03   0.00000000e+00   0.00000000e+00
    0.00000000e+00   0.00000000e+00   0.00000000e+00   5.05600000e+03
    0.00000000e+00   0.00000000e+00   0.00000000e+00   0.00000000e+00
    0.00000000e+00]
 [  5.31123000e+05   2.25200000e+03   1.61900000e+03   4.42400000e+03
    2.00000000e+00   1.32954600e+06   6.35000000e+02   1.00000000e+00
    2.99000000e+02   0.00000000e+00   0.00000000e+00   2.21700000e+03
    1.60000000e+01   0.00000000e+00   4.38000000e+02   4.71200000e+04
    0.00000000e+00   9.77000000e+02   8.01000000e+02   0.00000000e+00
    3.07000000e+02]
 [  4.48879000e+05   6.09500000e+03   0.00000000e+00   0.00000000e+00
    2.74000000e+02   0.00000000e+00   3.79069600e+06   3.79240000e+04
    0.00000000e+00   0.00000000e+00   0.00000000e+00   0.00000000e+00
    0.00000000e+00   0.00000000e+00   0.00000000e+00   2.17170000e+04
    0.00000000e+00   0.00000000e+00   0.00000000e+00   1.51670000e+04
    0.00000000e+00]
 [  3.84355000e+05   4.02800000e+03   2.98500000e+03   0.00000000e+00
    4.14200000e+03   6.12800000e+03   1.47830000e+04   3.12922600e+06
    0.00000000e+00   0.00000000e+00   8.00000000e+00   0.00000000e+00
    1.49100000e+03   3.10000000e+01   1.45880000e+04   9.41600000e+03
    0.00000000e+00   0.00000000e+00   0.00000000e+00   2.22070000e+04
    6.60000000e+01]
 [  3.37467000e+05   0.00000000e+00   0.00000000e+00   1.45850000e+04
    0.00000000e+00   3.81000000e+02   0.00000000e+00   0.00000000e+00
    5.24070900e+06   4.21000000e+02   0.00000000e+00   2.20000000e+01
    9.30780000e+04   0.00000000e+00   0.00000000e+00   3.11480000e+04
    1.07900000e+03   1.44000000e+03   6.21000000e+02   0.00000000e+00
    0.00000000e+00]
 [  8.05050000e+05   5.90000000e+01   2.30000000e+01   0.00000000e+00
    2.11300000e+03   0.00000000e+00   0.00000000e+00   0.00000000e+00
    2.81530000e+04   8.21679000e+05   0.00000000e+00   3.40330000e+04
    3.90000000e+01   0.00000000e+00   4.60000000e+01   1.21354000e+05
    5.83500000e+03   0.00000000e+00   2.84896000e+05   0.00000000e+00
    1.09130000e+04]
 [  4.57085000e+05   0.00000000e+00   0.00000000e+00   5.03300000e+03
    0.00000000e+00   0.00000000e+00   0.00000000e+00   5.24200000e+03
    3.35440000e+04   0.00000000e+00   2.22309800e+06   0.00000000e+00
    5.09150000e+04   1.86122000e+05   4.20000000e+01   3.02100000e+03
    0.00000000e+00   2.74200000e+03   0.00000000e+00   0.00000000e+00
    0.00000000e+00]
 [  1.62671800e+06   0.00000000e+00   0.00000000e+00   0.00000000e+00
    0.00000000e+00   2.00760000e+04   0.00000000e+00   0.00000000e+00
    2.78100000e+03   1.62424000e+05   0.00000000e+00   7.93236000e+05
    2.00000000e+00   0.00000000e+00   0.00000000e+00   1.82055000e+05
    9.34100000e+03   0.00000000e+00   1.59600000e+04   0.00000000e+00
    5.21570000e+04]
 [  4.40007000e+05   0.00000000e+00   0.00000000e+00   0.00000000e+00
    0.00000000e+00   0.00000000e+00   0.00000000e+00   5.06000000e+02
    1.37526000e+05   2.62500000e+03   3.02500000e+03   0.00000000e+00
    4.37843100e+06   1.32070000e+04   3.72600000e+03   3.55330000e+04
    1.79000000e+02   1.94050000e+04   2.19000000e+02   0.00000000e+00
    0.00000000e+00]
 [  3.63659000e+05   0.00000000e+00   0.00000000e+00   0.00000000e+00
    1.94100000e+03   0.00000000e+00   0.00000000e+00   0.00000000e+00
    0.00000000e+00   0.00000000e+00   6.05910000e+04   0.00000000e+00
    3.32120000e+04   2.10269000e+06   0.00000000e+00   2.69430000e+04
    0.00000000e+00   5.29010000e+04   0.00000000e+00   0.00000000e+00
    0.00000000e+00]
 [  3.25129000e+05   0.00000000e+00   5.93400000e+03   0.00000000e+00
    0.00000000e+00   0.00000000e+00   0.00000000e+00   4.45480000e+04
    0.00000000e+00   1.05650000e+04   0.00000000e+00   0.00000000e+00
    0.00000000e+00   0.00000000e+00   2.17407500e+06   2.71360000e+04
    4.70000000e+01   0.00000000e+00   0.00000000e+00   0.00000000e+00
    6.00000000e+00]
 [  1.47093600e+06   6.58700000e+03   5.68330000e+04   1.60200000e+03
    7.68300000e+03   1.46200000e+04   1.84630000e+04   3.54830000e+04
    6.24800000e+03   1.06480000e+04   2.12650000e+04   1.32260000e+04
    9.66200000e+04   8.51260000e+04   2.67992000e+05   1.08009640e+07
    1.97800000e+03   1.30200000e+03   7.08130000e+04   1.01730000e+04
    1.06100000e+03]
 [  4.86183000e+05   0.00000000e+00   2.05700000e+03   1.14900000e+03
    0.00000000e+00   1.98200000e+03   0.00000000e+00   3.11000000e+02
    0.00000000e+00   5.10900000e+03   0.00000000e+00   3.61800000e+03
    0.00000000e+00   0.00000000e+00   0.00000000e+00   7.41500000e+03
    7.24974000e+05   0.00000000e+00   1.51400000e+03   3.00000000e+00
    2.47000000e+02]
 [  1.77157000e+05   0.00000000e+00   0.00000000e+00   1.24410000e+04
    0.00000000e+00   0.00000000e+00   0.00000000e+00   0.00000000e+00
    3.49500000e+03   0.00000000e+00   1.11624000e+05   0.00000000e+00
    3.35170000e+04   2.79200000e+03   3.31700000e+03   1.80000000e+01
    0.00000000e+00   1.58844400e+06   0.00000000e+00   0.00000000e+00
    0.00000000e+00]
 [  1.65185400e+06   0.00000000e+00   0.00000000e+00   0.00000000e+00
    0.00000000e+00   0.00000000e+00   0.00000000e+00   0.00000000e+00
    1.25230000e+04   9.67020000e+04   0.00000000e+00   5.00000000e+00
    9.08300000e+03   0.00000000e+00   0.00000000e+00   1.18701000e+05
    2.51800000e+03   0.00000000e+00   1.58531300e+06   0.00000000e+00
    2.53600000e+03]
 [  5.48628000e+05   2.30000000e+02   0.00000000e+00   0.00000000e+00
    0.00000000e+00   1.02700000e+03   2.31110000e+04   1.50000000e+01
    0.00000000e+00   0.00000000e+00   0.00000000e+00   0.00000000e+00
    0.00000000e+00   0.00000000e+00   5.82000000e+02   1.25090000e+04
    0.00000000e+00   0.00000000e+00   0.00000000e+00   3.33290300e+06
    0.00000000e+00]
 [  2.64406000e+05   0.00000000e+00   0.00000000e+00   0.00000000e+00
    0.00000000e+00   0.00000000e+00   0.00000000e+00   2.50000000e+01
    0.00000000e+00   6.00700000e+03   0.00000000e+00   0.00000000e+00
    0.00000000e+00   0.00000000e+00   0.00000000e+00   4.63200000e+03
    0.00000000e+00   0.00000000e+00   2.10500000e+03   0.00000000e+00
    1.49457900e+06]]
