meanIOU: 0.543554805042
[0.84353558442765775, 0.614167038970998, 0.21704588215415269, 0.70288359394012589, 0.32730037955766766, 0.52176917137587975, 0.74411619906746651, 0.65281021179001242, 0.76037318124541031, 0.22401232594785866, 0.62549850732335022, 0.29111935095952934, 0.73414090594848458, 0.601538851648032, 0.56609348406178928, 0.67769640071640846, 0.35468350496672746, 0.65024032833675693, 0.34302150044195462, 0.49007743102647305, 0.47252707197905558]
[[  1.72400432e+08   1.02229900e+06   1.99461800e+06   5.68141000e+05
    2.03096500e+06   5.75076000e+05   8.13927000e+05   1.07577200e+06
    1.05362500e+06   1.18254600e+06   3.16969000e+05   1.46082000e+05
    6.21790000e+05   6.14955000e+05   9.52520000e+05   2.33494700e+06
    7.55486000e+05   4.21631000e+05   6.83051000e+05   2.90057600e+06
    1.31363500e+06]
 [  1.00783000e+05   1.82284900e+06   0.00000000e+00   0.00000000e+00
    1.68000000e+02   0.00000000e+00   0.00000000e+00   1.30000000e+01
    0.00000000e+00   0.00000000e+00   0.00000000e+00   0.00000000e+00
    0.00000000e+00   0.00000000e+00   0.00000000e+00   0.00000000e+00
    0.00000000e+00   0.00000000e+00   0.00000000e+00   0.00000000e+00
    0.00000000e+00]
 [  1.42342000e+05   0.00000000e+00   6.28131000e+05   0.00000000e+00
    0.00000000e+00   0.00000000e+00   5.00000000e+01   2.29900000e+03
    0.00000000e+00   2.00000000e+00   0.00000000e+00   0.00000000e+00
    0.00000000e+00   0.00000000e+00   1.81860000e+04   2.18270000e+04
    0.00000000e+00   0.00000000e+00   0.00000000e+00   0.00000000e+00
    0.00000000e+00]
 [  1.93196000e+05   0.00000000e+00   0.00000000e+00   1.93800400e+06
    1.73000000e+02   0.00000000e+00   5.80000000e+01   0.00000000e+00
    3.41800000e+03   0.00000000e+00   0.00000000e+00   0.00000000e+00
    8.50500000e+03   2.16000000e+02   0.00000000e+00   3.17400000e+03
    0.00000000e+00   5.14100000e+03   0.00000000e+00   0.00000000e+00
    0.00000000e+00]
 [  2.23210000e+05   7.85000000e+02   0.00000000e+00   0.00000000e+00
    1.11368700e+06   0.00000000e+00   0.00000000e+00   0.00000000e+00
    0.00000000e+00   2.11100000e+03   0.00000000e+00   0.00000000e+00
    0.00000000e+00   0.00000000e+00   1.95000000e+02   8.66500000e+03
    0.00000000e+00   0.00000000e+00   0.00000000e+00   0.00000000e+00
    0.00000000e+00]
 [  5.17523000e+05   2.71000000e+02   1.61900000e+03   0.00000000e+00
    0.00000000e+00   1.33058600e+06   6.35000000e+02   2.18800000e+03
    2.64000000e+02   0.00000000e+00   0.00000000e+00   2.77200000e+03
    0.00000000e+00   0.00000000e+00   8.34000000e+03   5.15220000e+04
    0.00000000e+00   5.20000000e+03   7.89000000e+02   0.00000000e+00
    6.80000000e+01]
 [  3.18766000e+05   6.23900000e+03   0.00000000e+00   0.00000000e+00
    0.00000000e+00   0.00000000e+00   3.89049100e+06   9.08810000e+04
    0.00000000e+00   0.00000000e+00   0.00000000e+00   0.00000000e+00
    0.00000000e+00   0.00000000e+00   0.00000000e+00   9.51200000e+03
    0.00000000e+00   0.00000000e+00   0.00000000e+00   4.86300000e+03
    0.00000000e+00]
 [  3.62215000e+05   7.80000000e+03   1.01250000e+04   0.00000000e+00
    7.21700000e+03   3.38700000e+03   6.66300000e+03   3.17201200e+06
    0.00000000e+00   0.00000000e+00   0.00000000e+00   0.00000000e+00
    1.10100000e+03   3.10000000e+01   1.65960000e+04   4.76400000e+03
    0.00000000e+00   0.00000000e+00   0.00000000e+00   1.54300000e+03
    0.00000000e+00]
 [  2.91782000e+05   0.00000000e+00   0.00000000e+00   2.05440000e+04
    0.00000000e+00   2.17000000e+02   0.00000000e+00   0.00000000e+00
    5.31073600e+06   0.00000000e+00   0.00000000e+00   1.71000000e+02
    3.29730000e+04   0.00000000e+00   0.00000000e+00   6.13350000e+04
    6.70000000e+01   0.00000000e+00   3.12600000e+03   0.00000000e+00
    0.00000000e+00]
 [  8.10488000e+05   0.00000000e+00   0.00000000e+00   0.00000000e+00
    6.10000000e+01   0.00000000e+00   0.00000000e+00   0.00000000e+00
    1.82860000e+04   7.98931000e+05   0.00000000e+00   2.09900000e+04
    0.00000000e+00   0.00000000e+00   9.40000000e+01   1.23541000e+05
    3.67300000e+03   0.00000000e+00   3.28614000e+05   0.00000000e+00
    9.51500000e+03]
 [  4.53572000e+05   0.00000000e+00   0.00000000e+00   0.00000000e+00
    0.00000000e+00   0.00000000e+00   0.00000000e+00   1.60080000e+04
    1.82350000e+04   0.00000000e+00   2.17086200e+06   0.00000000e+00
    9.86310000e+04   1.98096000e+05   2.90000000e+01   1.57400000e+03
    0.00000000e+00   9.83700000e+03   0.00000000e+00   0.00000000e+00
    0.00000000e+00]
 [  1.53912900e+06   0.00000000e+00   0.00000000e+00   0.00000000e+00
    0.00000000e+00   3.83720000e+04   0.00000000e+00   0.00000000e+00
    2.49100000e+03   1.71245000e+05   2.36600000e+03   8.88213000e+05
    0.00000000e+00   0.00000000e+00   0.00000000e+00   1.43769000e+05
    9.76400000e+03   0.00000000e+00   1.53270000e+04   0.00000000e+00
    5.40740000e+04]
 [  4.15489000e+05   0.00000000e+00   0.00000000e+00   0.00000000e+00
    0.00000000e+00   0.00000000e+00   0.00000000e+00   1.10000000e+02
    1.42332000e+05   8.00000000e+02   2.14240000e+04   0.00000000e+00
    4.37935900e+06   1.72570000e+04   6.17500000e+03   1.54430000e+04
    1.13000000e+03   3.24800000e+04   2.39000000e+03   0.00000000e+00
    0.00000000e+00]
 [  3.36682000e+05   0.00000000e+00   0.00000000e+00   3.29100000e+03
    1.94100000e+03   0.00000000e+00   0.00000000e+00   0.00000000e+00
    2.28800000e+03   0.00000000e+00   3.99030000e+04   0.00000000e+00
    2.86360000e+04   2.16113600e+06   0.00000000e+00   1.96430000e+04
    0.00000000e+00   4.84170000e+04   0.00000000e+00   0.00000000e+00
    0.00000000e+00]
 [  3.05711000e+05   0.00000000e+00   5.21300000e+03   0.00000000e+00
    0.00000000e+00   0.00000000e+00   0.00000000e+00   3.76280000e+04
    0.00000000e+00   1.01060000e+04   0.00000000e+00   0.00000000e+00
    0.00000000e+00   0.00000000e+00   2.20716000e+06   2.16220000e+04
    0.00000000e+00   0.00000000e+00   0.00000000e+00   0.00000000e+00
    0.00000000e+00]
 [  1.40426300e+06   6.70500000e+03   6.83990000e+04   8.29000000e+02
    1.30900000e+04   1.13140000e+04   2.43280000e+04   3.84220000e+04
    6.32100000e+03   1.30310000e+04   2.47610000e+04   1.61470000e+04
    8.59100000e+04   1.19647000e+05   3.05369000e+05   1.07896620e+07
    1.37200000e+03   5.04000000e+02   5.78920000e+04   1.03590000e+04
    1.29800000e+03]
 [  5.09268000e+05   0.00000000e+00   1.19000000e+03   6.04000000e+02
    0.00000000e+00   0.00000000e+00   0.00000000e+00   6.79000000e+02
    6.10000000e+01   2.27800000e+03   0.00000000e+00   1.10000000e+02
    0.00000000e+00   0.00000000e+00   0.00000000e+00   6.06500000e+03
    7.12191000e+05   0.00000000e+00   1.71400000e+03   1.90000000e+02
    2.12000000e+02]
 [  1.66741000e+05   0.00000000e+00   0.00000000e+00   1.19250000e+04
    0.00000000e+00   0.00000000e+00   0.00000000e+00   0.00000000e+00
    8.12000000e+03   0.00000000e+00   9.83440000e+04   0.00000000e+00
    4.66470000e+04   5.40000000e+02   3.31700000e+03   1.71000000e+02
    0.00000000e+00   1.59700000e+06   0.00000000e+00   0.00000000e+00
    0.00000000e+00]
 [  1.73296600e+06   0.00000000e+00   0.00000000e+00   0.00000000e+00
    0.00000000e+00   0.00000000e+00   0.00000000e+00   7.80000000e+01
    7.98900000e+03   6.74510000e+04   0.00000000e+00   5.00000000e+00
    6.70200000e+03   0.00000000e+00   0.00000000e+00   8.86970000e+04
    1.90800000e+03   0.00000000e+00   1.56898000e+06   0.00000000e+00
    4.45900000e+03]
 [  5.00900000e+05   9.00000000e+01   0.00000000e+00   0.00000000e+00
    3.77000000e+02   0.00000000e+00   6.19250000e+04   1.47900000e+03
    0.00000000e+00   0.00000000e+00   0.00000000e+00   0.00000000e+00
    0.00000000e+00   0.00000000e+00   6.71000000e+02   3.13100000e+03
    0.00000000e+00   0.00000000e+00   0.00000000e+00   3.35043200e+06
    0.00000000e+00]
 [  2.74306000e+05   0.00000000e+00   0.00000000e+00   0.00000000e+00
    0.00000000e+00   0.00000000e+00   0.00000000e+00   0.00000000e+00
    0.00000000e+00   2.69700000e+03   0.00000000e+00   0.00000000e+00
    0.00000000e+00   0.00000000e+00   0.00000000e+00   2.06000000e+03
    0.00000000e+00   0.00000000e+00   1.86100000e+03   0.00000000e+00
    1.49083000e+06]]
