meanIOU: 0.542715669848
[0.84280749951162059, 0.61254727639294337, 0.21481852298110485, 0.7170209348196408, 0.31861331950206279, 0.51855709211830614, 0.74157180974154835, 0.64525247410018105, 0.75253551111974282, 0.22365510131659921, 0.6397631803932744, 0.28009886401444933, 0.73524604567345397, 0.60249576085898249, 0.56233643321327609, 0.68255304586288024, 0.35752112532829572, 0.65071373511286179, 0.34125265786345943, 0.49006675672029631, 0.4676019201539513]
[[  1.72244390e+08   1.02935200e+06   1.99773500e+06   4.92719000e+05
    2.11435700e+06   6.03121000e+05   8.27714000e+05   1.09557200e+06
    1.04833100e+06   1.17379500e+06   3.36182000e+05   1.47619000e+05
    5.86763000e+05   6.11040000e+05   9.78671000e+05   2.34863600e+06
    7.93930000e+05   4.40297000e+05   6.77427000e+05   2.85881100e+06
    1.37258100e+06]
 [  9.89000000e+04   1.82446900e+06   0.00000000e+00   0.00000000e+00
    4.36000000e+02   0.00000000e+00   0.00000000e+00   8.00000000e+00
    0.00000000e+00   0.00000000e+00   0.00000000e+00   0.00000000e+00
    0.00000000e+00   0.00000000e+00   0.00000000e+00   0.00000000e+00
    0.00000000e+00   0.00000000e+00   0.00000000e+00   0.00000000e+00
    0.00000000e+00]
 [  1.47460000e+05   0.00000000e+00   6.22224000e+05   0.00000000e+00
    0.00000000e+00   0.00000000e+00   6.80000000e+01   2.28200000e+03
    0.00000000e+00   1.22000000e+02   0.00000000e+00   0.00000000e+00
    0.00000000e+00   0.00000000e+00   2.04210000e+04   2.02600000e+04
    0.00000000e+00   0.00000000e+00   0.00000000e+00   0.00000000e+00
    0.00000000e+00]
 [  1.98259000e+05   0.00000000e+00   0.00000000e+00   1.91937900e+06
    1.80000000e+02   0.00000000e+00   5.80000000e+01   0.00000000e+00
    4.84800000e+03   0.00000000e+00   0.00000000e+00   0.00000000e+00
    2.05700000e+04   3.10000000e+01   0.00000000e+00   3.21000000e+03
    0.00000000e+00   5.35000000e+03   0.00000000e+00   0.00000000e+00
    0.00000000e+00]
 [  2.24477000e+05   3.32900000e+03   0.00000000e+00   0.00000000e+00
    1.11062900e+06   0.00000000e+00   0.00000000e+00   0.00000000e+00
    0.00000000e+00   1.97600000e+03   0.00000000e+00   0.00000000e+00
    0.00000000e+00   0.00000000e+00   0.00000000e+00   8.21800000e+03
    0.00000000e+00   0.00000000e+00   2.40000000e+01   0.00000000e+00
    0.00000000e+00]
 [  5.08147000e+05   1.74200000e+03   1.61900000e+03   0.00000000e+00
    0.00000000e+00   1.34234000e+06   6.35000000e+02   2.44600000e+03
    2.31000000e+02   0.00000000e+00   0.00000000e+00   2.37700000e+03
    0.00000000e+00   0.00000000e+00   6.49100000e+03   5.08610000e+04
    0.00000000e+00   3.99800000e+03   8.38000000e+02   0.00000000e+00
    5.20000000e+01]
 [  3.12943000e+05   6.23900000e+03   0.00000000e+00   0.00000000e+00
    0.00000000e+00   0.00000000e+00   3.88713700e+06   1.05757000e+05
    0.00000000e+00   0.00000000e+00   0.00000000e+00   0.00000000e+00
    0.00000000e+00   0.00000000e+00   0.00000000e+00   8.51200000e+03
    0.00000000e+00   0.00000000e+00   0.00000000e+00   1.64000000e+02
    0.00000000e+00]
 [  3.68800000e+05   6.62700000e+03   9.45200000e+03   0.00000000e+00
    5.74300000e+03   3.52300000e+03   7.37000000e+03   3.15995300e+06
    0.00000000e+00   0.00000000e+00   0.00000000e+00   0.00000000e+00
    1.21700000e+03   3.10000000e+01   2.33650000e+04   5.18200000e+03
    0.00000000e+00   0.00000000e+00   0.00000000e+00   2.14200000e+03
    4.90000000e+01]
 [  3.18183000e+05   0.00000000e+00   0.00000000e+00   2.01300000e+04
    0.00000000e+00   2.60000000e+02   0.00000000e+00   0.00000000e+00
    5.28130400e+06   0.00000000e+00   0.00000000e+00   1.04000000e+02
    5.38960000e+04   0.00000000e+00   0.00000000e+00   3.84640000e+04
    3.90000000e+01   5.17300000e+03   3.39800000e+03   0.00000000e+00
    0.00000000e+00]
 [  8.15827000e+05   0.00000000e+00   0.00000000e+00   0.00000000e+00
    1.21000000e+02   0.00000000e+00   0.00000000e+00   0.00000000e+00
    1.82480000e+04   7.96638000e+05   0.00000000e+00   1.91330000e+04
    1.30000000e+01   0.00000000e+00   3.80000000e+01   1.14524000e+05
    4.33900000e+03   0.00000000e+00   3.36517000e+05   0.00000000e+00
    8.79500000e+03]
 [  4.40339000e+05   0.00000000e+00   0.00000000e+00   0.00000000e+00
    0.00000000e+00   0.00000000e+00   0.00000000e+00   1.60570000e+04
    3.92680000e+04   0.00000000e+00   2.24492900e+06   0.00000000e+00
    6.68700000e+04   1.50127000e+05   3.70000000e+01   2.33500000e+03
    0.00000000e+00   6.88200000e+03   0.00000000e+00   0.00000000e+00
    0.00000000e+00]
 [  1.57656800e+06   0.00000000e+00   0.00000000e+00   0.00000000e+00
    0.00000000e+00   4.53710000e+04   0.00000000e+00   0.00000000e+00
    2.45800000e+03   1.78167000e+05   1.82400000e+03   8.54485000e+05
    0.00000000e+00   0.00000000e+00   0.00000000e+00   1.33387000e+05
    8.34100000e+03   0.00000000e+00   1.36900000e+04   0.00000000e+00
    5.04590000e+04]
 [  4.36170000e+05   0.00000000e+00   0.00000000e+00   0.00000000e+00
    0.00000000e+00   0.00000000e+00   0.00000000e+00   1.24000000e+02
    1.53872000e+05   2.14200000e+03   1.79010000e+04   0.00000000e+00
    4.35988700e+06   2.05080000e+04   6.12100000e+03   1.18460000e+04
    1.30600000e+03   2.17810000e+04   2.73100000e+03   0.00000000e+00
    0.00000000e+00]
 [  3.26985000e+05   0.00000000e+00   0.00000000e+00   7.24000000e+02
    1.94100000e+03   0.00000000e+00   0.00000000e+00   0.00000000e+00
    2.19200000e+03   0.00000000e+00   4.98420000e+04   0.00000000e+00
    3.99880000e+04   2.14114100e+06   0.00000000e+00   1.84200000e+04
    0.00000000e+00   6.07040000e+04   0.00000000e+00   0.00000000e+00
    0.00000000e+00]
 [  3.15165000e+05   0.00000000e+00   3.52300000e+03   0.00000000e+00
    0.00000000e+00   0.00000000e+00   0.00000000e+00   3.95380000e+04
    0.00000000e+00   3.00300000e+03   0.00000000e+00   0.00000000e+00
    0.00000000e+00   0.00000000e+00   2.20674200e+06   1.94690000e+04
    0.00000000e+00   0.00000000e+00   0.00000000e+00   0.00000000e+00
    0.00000000e+00]
 [  1.32939800e+06   6.96000000e+03   7.02180000e+04   1.05100000e+03
    1.43680000e+04   1.31540000e+04   2.50110000e+04   4.09030000e+04
    1.71120000e+04   1.20860000e+04   2.79780000e+04   1.65410000e+04
    7.81050000e+04   1.29659000e+05   2.98065000e+05   1.08379670e+07
    1.07100000e+03   8.20000000e+02   6.78680000e+04   9.90600000e+03
    1.38200000e+03]
 [  4.87371000e+05   0.00000000e+00   1.12600000e+03   5.77000000e+02
    0.00000000e+00   1.40000000e+03   0.00000000e+00   5.75000000e+02
    2.00000000e+00   2.52200000e+03   0.00000000e+00   1.26000000e+02
    0.00000000e+00   0.00000000e+00   0.00000000e+00   7.65400000e+03
    7.31278000e+05   0.00000000e+00   1.67700000e+03   0.00000000e+00
    2.54000000e+02]
 [  1.53792000e+05   0.00000000e+00   0.00000000e+00   9.79400000e+03
    0.00000000e+00   0.00000000e+00   0.00000000e+00   0.00000000e+00
    2.90200000e+03   0.00000000e+00   1.08429000e+05   0.00000000e+00
    4.16550000e+04   4.53000000e+02   3.31700000e+03   1.18000000e+02
    0.00000000e+00   1.61234500e+06   0.00000000e+00   0.00000000e+00
    0.00000000e+00]
 [  1.74311500e+06   0.00000000e+00   0.00000000e+00   0.00000000e+00
    0.00000000e+00   0.00000000e+00   0.00000000e+00   6.80000000e+01
    7.59800000e+03   6.97380000e+04   0.00000000e+00   5.00000000e+00
    6.36800000e+03   0.00000000e+00   0.00000000e+00   8.17220000e+04
    1.82400000e+03   0.00000000e+00   1.56479700e+06   0.00000000e+00
    4.00000000e+03]
 [  5.25929000e+05   4.33000000e+02   0.00000000e+00   0.00000000e+00
    2.20000000e+01   0.00000000e+00   6.01460000e+04   4.51000000e+02
    0.00000000e+00   0.00000000e+00   0.00000000e+00   0.00000000e+00
    0.00000000e+00   0.00000000e+00   2.72000000e+02   4.18500000e+03
    0.00000000e+00   0.00000000e+00   0.00000000e+00   3.32756700e+06
    0.00000000e+00]
 [  2.62917000e+05   0.00000000e+00   0.00000000e+00   0.00000000e+00
    0.00000000e+00   0.00000000e+00   0.00000000e+00   0.00000000e+00
    0.00000000e+00   4.16000000e+03   0.00000000e+00   0.00000000e+00
    0.00000000e+00   0.00000000e+00   0.00000000e+00   1.94500000e+03
    0.00000000e+00   0.00000000e+00   2.04500000e+03   0.00000000e+00
    1.50068700e+06]]
